0.000000 1.000000 -0.000000 0.000000 0.000000 0.000000 1.000000 0.000000 0.000000 0.000000 0.000000 1.000000 0.000000
93.395853 -0.146470 0.989215 0.000000 -2.948320 -0.989215 -0.146470 0.000000 -1.215191 0.000000 0.000000 1.000000 0.000000
93.495909 -0.143590 0.989637 0.000000 -5.651987 -0.989637 -0.143590 0.000000 -2.335719 0.000000 0.000000 1.000000 0.000000
93.595604 -0.180159 0.983637 0.000000 -8.082666 -0.983637 -0.180159 0.000000 -3.349859 0.000000 0.000000 1.000000 0.000000
93.699339 -0.186305 0.982492 0.000000 -10.230001 -0.982492 -0.186305 0.000000 -4.252750 0.000000 0.000000 1.000000 0.000000
93.796324 -0.198497 0.980101 0.000000 -12.097060 -0.980101 -0.198497 0.000000 -5.044590 0.000000 0.000000 1.000000 0.000000
93.896302 -0.179075 0.983835 0.000000 -13.696332 -0.983835 -0.179075 0.000000 -5.729587 0.000000 0.000000 1.000000 0.000000
93.996069 -0.144827 0.989457 0.000000 -15.046301 -0.989457 -0.144827 0.000000 -6.315142 0.000000 0.000000 1.000000 0.000000
94.095500 -0.169268 0.985570 0.000000 -16.169299 -0.985570 -0.169268 0.000000 -6.810166 0.000000 0.000000 1.000000 0.000000
94.195889 -0.167802 0.985821 0.000000 -17.090063 -0.985821 -0.167802 0.000000 -7.223356 0.000000 0.000000 1.000000 0.000000
94.295661 -0.164416 0.986391 0.000000 -17.834055 -0.986391 -0.164416 0.000000 -7.563790 0.000000 0.000000 1.000000 0.000000
94.395759 -0.172543 0.985002 0.000000 -18.425911 -0.985002 -0.172543 0.000000 -7.841195 0.000000 0.000000 1.000000 0.000000
94.495588 -0.177434 0.984133 0.000000 -18.888879 -0.984133 -0.177434 0.000000 -8.065130 0.000000 0.000000 1.000000 0.000000
94.595195 -0.188120 0.982146 0.000000 -19.244610 -0.982146 -0.188120 0.000000 -8.244596 0.000000 0.000000 1.000000 0.000000
94.699599 -0.164997 0.986294 0.000000 -19.512847 -0.986294 -0.164997 0.000000 -8.387608 0.000000 0.000000 1.000000 0.000000
94.797049 -0.146667 0.989186 0.000000 -19.711141 -0.989186 -0.146667 0.000000 -8.500920 0.000000 0.000000 1.000000 0.000000
94.896280 -0.165648 0.986185 0.000000 -19.854861 -0.986185 -0.165648 0.000000 -8.590485 0.000000 0.000000 1.000000 0.000000
94.996068 -0.161576 0.986860 0.000000 -19.956125 -0.986860 -0.161576 0.000000 -8.662003 0.000000 0.000000 1.000000 0.000000
95.096581 -0.166109 0.986107 0.000000 -20.024789 -0.986107 -0.166109 0.000000 -8.720646 0.000000 0.000000 1.000000 0.000000
95.196027 -0.175391 0.984499 0.000000 -20.068832 -0.984499 -0.175391 0.000000 -8.770993 0.000000 0.000000 1.000000 0.000000
95.296030 -0.185117 0.982717 0.000000 -20.094871 -0.982717 -0.185117 0.000000 -8.817043 0.000000 0.000000 1.000000 0.000000
95.395952 -0.177265 0.984163 0.000000 -20.108197 -0.984163 -0.177265 0.000000 -8.862820 0.000000 0.000000 1.000000 0.000000
95.496242 -0.185856 0.982577 0.000000 -20.112898 -0.982577 -0.185856 0.000000 -8.912317 0.000000 0.000000 1.000000 0.000000
95.587112 -0.184023 0.982922 0.000000 -20.112247 -0.982922 -0.184023 0.000000 -8.968693 0.000000 0.000000 1.000000 0.000000
95.690735 -0.181933 0.983311 0.000000 -20.110722 -0.983311 -0.181933 0.000000 -9.036333 0.000000 0.000000 1.000000 0.000000
95.787067 -0.179988 0.983669 0.000000 -20.112099 -0.983669 -0.179988 0.000000 -9.119276 0.000000 0.000000 1.000000 0.000000
95.886638 -0.177978 0.984034 0.000000 -20.119360 -0.984034 -0.177978 0.000000 -9.220862 0.000000 0.000000 1.000000 0.000000
95.986705 -0.175957 0.984398 0.000000 -20.134765 -0.984398 -0.175957 0.000000 -9.343664 0.000000 0.000000 1.000000 0.000000
96.086679 -0.173937 0.984757 0.000000 -20.159809 -0.984757 -0.173937 0.000000 -9.489233 0.000000 0.000000 1.000000 0.000000
97.487418 -0.172343 0.985037 0.000000 -20.195180 -0.985037 -0.172343 0.000000 -9.657815 0.000000 0.000000 1.000000 0.000000
97.586651 -0.172728 0.984969 0.000000 -20.221094 -0.984969 -0.172728 0.000000 -9.799264 0.000000 0.000000 1.000000 0.000000
97.690153 -0.173131 0.984899 0.000000 -20.237719 -0.984899 -0.173131 0.000000 -9.913520 0.000000 0.000000 1.000000 0.000000
97.787074 -0.173508 0.984832 0.000000 -20.245506 -0.984832 -0.173508 0.000000 -10.001545 0.000000 0.000000 1.000000 0.000000
97.886242 -0.173893 0.984764 0.000000 -20.245046 -0.984764 -0.173893 0.000000 -10.064912 0.000000 0.000000 1.000000 0.000000
97.986354 -0.174283 0.984696 0.000000 -20.237066 -0.984696 -0.174283 0.000000 -10.105669 0.000000 0.000000 1.000000 0.000000
98.087468 -0.174676 0.984626 0.000000 -20.222378 -0.984626 -0.174676 0.000000 -10.126156 0.000000 0.000000 1.000000 0.000000
98.186248 -0.175060 0.984558 0.000000 -20.201873 -0.984558 -0.175060 0.000000 -10.128902 0.000000 0.000000 1.000000 0.000000
98.286437 -0.175449 0.984488 0.000000 -20.176484 -0.984488 -0.175449 0.000000 -10.116492 0.000000 0.000000 1.000000 0.000000
98.386917 -0.175840 0.984419 0.000000 -20.147208 -0.984419 -0.175840 0.000000 -10.091557 0.000000 0.000000 1.000000 0.000000
98.486844 -0.176228 0.984349 0.000000 -20.115108 -0.984349 -0.176228 0.000000 -10.056729 0.000000 0.000000 1.000000 0.000000
98.586836 -0.176617 0.984280 0.000000 -20.081326 -0.984280 -0.176617 0.000000 -10.014626 0.000000 0.000000 1.000000 0.000000
98.691019 -0.177021 0.984207 0.000000 -20.047117 -0.984207 -0.177021 0.000000 -9.967882 0.000000 0.000000 1.000000 0.000000
98.787608 -0.177397 0.984139 0.000000 -20.013905 -0.984139 -0.177397 0.000000 -9.919222 0.000000 0.000000 1.000000 0.000000
98.887128 -0.177783 0.984070 0.000000 -19.983253 -0.984070 -0.177783 0.000000 -9.871378 0.000000 0.000000 1.000000 0.000000
98.986989 -0.178171 0.983999 0.000000 -19.956975 -0.983999 -0.178171 0.000000 -9.827274 0.000000 0.000000 1.000000 0.000000
99.086572 -0.178558 0.983929 0.000000 -19.937165 -0.983929 -0.178558 0.000000 -9.790048 0.000000 0.000000 1.000000 0.000000
99.186629 -0.178947 0.983859 0.000000 -19.926207 -0.983859 -0.178947 0.000000 -9.763059 0.000000 0.000000 1.000000 0.000000
99.287344 -0.179338 0.983787 0.000000 -19.926813 -0.983787 -0.179338 0.000000 -9.749925 0.000000 0.000000 1.000000 0.000000
99.386909 -0.179725 0.983717 0.000000 -19.942035 -0.983717 -0.179725 0.000000 -9.754541 0.000000 0.000000 1.000000 0.000000
99.486669 -0.180112 0.983646 0.000000 -19.975270 -0.983646 -0.180112 0.000000 -9.781072 0.000000 0.000000 1.000000 0.000000
99.586942 -0.180502 0.983575 0.000000 -20.030256 -0.983575 -0.180502 0.000000 -9.833950 0.000000 0.000000 1.000000 0.000000
99.691141 -0.180906 0.983500 0.000000 -20.111042 -0.983500 -0.180906 0.000000 -9.917831 0.000000 0.000000 1.000000 0.000000
99.787611 -0.181281 0.983431 0.000000 -20.221938 -0.983431 -0.181281 0.000000 -10.037528 0.000000 0.000000 1.000000 0.000000
99.887584 -0.181669 0.983360 0.000000 -20.367316 -0.983360 -0.181669 0.000000 -10.197709 0.000000 0.000000 1.000000 0.000000
99.987122 -0.182056 0.983288 0.000000 -20.551518 -0.983288 -0.182056 0.000000 -10.402801 0.000000 0.000000 1.000000 0.000000
100.087185 -0.182444 0.983216 0.000000 -20.778598 -0.983216 -0.182444 0.000000 -10.656646 0.000000 0.000000 1.000000 0.000000
100.187142 -0.182832 0.983144 0.000000 -21.052028 -0.983144 -0.182832 0.000000 -10.962122 0.000000 0.000000 1.000000 0.000000
100.287267 -0.183221 0.983072 0.000000 -21.374305 -0.983072 -0.183221 0.000000 -11.320642 0.000000 0.000000 1.000000 0.000000
104.996258 -0.152907 0.988241 0.000000 -21.746449 -0.988241 -0.152907 0.000000 -11.731530 0.000000 0.000000 1.000000 0.000000
105.096303 -0.178247 0.983986 0.000000 -22.094560 -0.983986 -0.178247 0.000000 -12.098131 0.000000 0.000000 1.000000 0.000000
105.196170 -0.180912 0.983499 0.000000 -22.418501 -0.983499 -0.180912 0.000000 -12.419421 0.000000 0.000000 1.000000 0.000000
105.296211 -0.189751 0.981832 0.000000 -22.719309 -0.981832 -0.189751 0.000000 -12.695243 0.000000 0.000000 1.000000 0.000000
105.396463 -0.194565 0.980890 0.000000 -22.999181 -0.980890 -0.194565 0.000000 -12.927356 0.000000 0.000000 1.000000 0.000000
105.496328 -0.227476 0.973784 0.000000 -23.261292 -0.973784 -0.227476 0.000000 -13.118675 0.000000 0.000000 1.000000 0.000000
105.596112 -0.224540 0.974465 0.000000 -23.509425 -0.974465 -0.224540 0.000000 -13.271445 0.000000 0.000000 1.000000 0.000000
105.700927 -0.220730 0.975335 0.000000 -23.747499 -0.975335 -0.220730 0.000000 -13.387636 0.000000 0.000000 1.000000 0.000000
105.798388 -0.211976 0.977275 0.000000 -23.979422 -0.977275 -0.211976 0.000000 -13.470826 0.000000 0.000000 1.000000 0.000000
105.897278 -0.166042 0.986119 0.000000 -24.209234 -0.986119 -0.166042 0.000000 -13.525890 0.000000 0.000000 1.000000 0.000000
107.596343 -0.175219 0.984530 0.000000 -24.441209 -0.984530 -0.175219 0.000000 -13.557793 0.000000 0.000000 1.000000 0.000000
107.701389 -0.157379 0.987538 0.000000 -24.663626 -0.987538 -0.157379 0.000000 -13.576862 0.000000 0.000000 1.000000 0.000000
108.196793 -0.159314 0.987228 0.000000 -24.879656 -0.987228 -0.159314 0.000000 -13.587404 0.000000 0.000000 1.000000 0.000000
108.296491 -0.110353 0.993892 0.000000 -25.088984 -0.993892 -0.110353 0.000000 -13.595102 0.000000 0.000000 1.000000 0.000000
108.396205 -0.142292 0.989825 0.000000 -25.294941 -0.989825 -0.142292 0.000000 -13.603752 0.000000 0.000000 1.000000 0.000000
108.496265 -0.124598 0.992207 0.000000 -25.500308 -0.992207 -0.124598 0.000000 -13.616283 0.000000 0.000000 1.000000 0.000000
111.196497 -0.135550 0.990771 0.000000 -25.707086 -0.990771 -0.135550 0.000000 -13.634911 0.000000 0.000000 1.000000 0.000000
111.296708 -0.129382 0.991595 0.000000 -25.891157 -0.991595 -0.129382 0.000000 -13.652283 0.000000 0.000000 1.000000 0.000000
111.396909 -0.159020 0.987275 0.000000 -26.053209 -0.987275 -0.159020 0.000000 -13.668270 0.000000 0.000000 1.000000 0.000000
111.496640 -0.155468 0.987841 0.000000 -26.194438 -0.987841 -0.155468 0.000000 -13.681670 0.000000 0.000000 1.000000 0.000000
111.596854 -0.166956 0.985964 0.000000 -26.316604 -0.985964 -0.166956 0.000000 -13.691244 0.000000 0.000000 1.000000 0.000000
111.700538 -0.156025 0.987753 0.000000 -26.421368 -0.987753 -0.156025 0.000000 -13.695280 0.000000 0.000000 1.000000 0.000000
111.797557 -0.059369 0.998236 0.000000 -26.510317 -0.998236 -0.059369 0.000000 -13.692995 0.000000 0.000000 1.000000 0.000000
111.897487 -0.104501 0.994525 0.000000 -26.584781 -0.994525 -0.104501 0.000000 -13.684201 0.000000 0.000000 1.000000 0.000000
112.096099 -0.085521 0.996336 0.000000 -26.645917 -0.996336 -0.085521 0.000000 -13.669110 0.000000 0.000000 1.000000 0.000000
112.196277 -0.125653 0.992074 0.000000 -26.693792 -0.992074 -0.125653 0.000000 -13.647432 0.000000 0.000000 1.000000 0.000000
112.296678 -0.156817 0.987628 0.000000 -26.729492 -0.987628 -0.156817 0.000000 -13.619072 0.000000 0.000000 1.000000 0.000000
112.396470 -0.190943 0.981601 0.000000 -26.753857 -0.981601 -0.190943 0.000000 -13.583566 0.000000 0.000000 1.000000 0.000000
112.496614 -0.207218 0.978295 0.000000 -26.767534 -0.978295 -0.207218 0.000000 -13.541603 0.000000 0.000000 1.000000 0.000000
112.596798 -0.133523 0.991046 0.000000 -26.771011 -0.991046 -0.133523 0.000000 -13.495858 0.000000 0.000000 1.000000 0.000000
112.691644 -0.135127 0.990828 0.000000 -26.764806 -0.990828 -0.135127 0.000000 -13.448071 0.000000 0.000000 1.000000 0.000000
112.788211 -0.136760 0.990604 0.000000 -26.752397 -0.990604 -0.136760 0.000000 -13.402501 0.000000 0.000000 1.000000 0.000000
112.887387 -0.138437 0.990371 0.000000 -26.737699 -0.990371 -0.138437 0.000000 -13.364274 0.000000 0.000000 1.000000 0.000000
112.987724 -0.140133 0.990133 0.000000 -26.725117 -0.990133 -0.140133 0.000000 -13.339482 0.000000 0.000000 1.000000 0.000000
113.088085 -0.141829 0.989891 0.000000 -26.719601 -0.989891 -0.141829 0.000000 -13.335272 0.000000 0.000000 1.000000 0.000000
113.187127 -0.143502 0.989650 0.000000 -26.726695 -0.989650 -0.143502 0.000000 -13.359925 0.000000 0.000000 1.000000 0.000000
113.287653 -0.145200 0.989402 0.000000 -26.752591 -0.989402 -0.145200 0.000000 -13.422903 0.000000 0.000000 1.000000 0.000000
113.387158 -0.146881 0.989154 0.000000 -26.804177 -0.989154 -0.146881 0.000000 -13.534893 0.000000 0.000000 1.000000 0.000000
113.487186 -0.148569 0.988902 0.000000 -26.889053 -0.988902 -0.148569 0.000000 -13.707778 0.000000 0.000000 1.000000 0.000000
113.587582 -0.150264 0.988646 0.000000 -27.015553 -0.988646 -0.150264 0.000000 -13.954612 0.000000 0.000000 1.000000 0.000000
113.692369 -0.152032 0.988376 0.000000 -27.192712 -0.988376 -0.152032 0.000000 -14.289486 0.000000 0.000000 1.000000 0.000000
113.788458 -0.153653 0.988125 0.000000 -27.430176 -0.988125 -0.153653 0.000000 -14.727297 0.000000 0.000000 1.000000 0.000000
113.887805 -0.155328 0.987863 0.000000 -27.737921 -0.987863 -0.155328 0.000000 -15.283170 0.000000 0.000000 1.000000 0.000000
113.987293 -0.157006 0.987598 0.000000 -28.126046 -0.987598 -0.157006 0.000000 -15.972011 0.000000 0.000000 1.000000 0.000000
114.087467 -0.158694 0.987328 0.000000 -28.604341 -0.987328 -0.158694 0.000000 -16.807665 0.000000 0.000000 1.000000 0.000000
114.187679 -0.160383 0.987055 0.000000 -29.181733 -0.987055 -0.160383 0.000000 -17.801863 0.000000 0.000000 1.000000 0.000000
114.287620 -0.162066 0.986780 0.000000 -29.865523 -0.986780 -0.162066 0.000000 -18.962816 0.000000 0.000000 1.000000 0.000000
114.387321 -0.163745 0.986503 0.000000 -30.660436 -0.986503 -0.163745 0.000000 -20.293481 0.000000 0.000000 1.000000 0.000000
123.396016 -0.339924 0.940453 0.000000 -31.567412 -0.940453 -0.339924 0.000000 -21.789411 0.000000 0.000000 1.000000 0.000000
123.496114 -0.338196 0.941076 0.000000 -32.395050 -0.941076 -0.338196 0.000000 -23.128881 0.000000 0.000000 1.000000 0.000000
123.596337 -0.334678 0.942332 0.000000 -33.142845 -0.942332 -0.334678 0.000000 -24.303519 0.000000 0.000000 1.000000 0.000000
123.700337 -0.327965 0.944690 0.000000 -33.814940 -0.944690 -0.327965 0.000000 -25.310961 0.000000 0.000000 1.000000 0.000000
123.798351 -0.317912 0.948120 0.000000 -34.419041 -0.948120 -0.317912 0.000000 -26.152969 0.000000 0.000000 1.000000 0.000000
123.897174 -0.358221 0.933637 0.000000 -34.965625 -0.933637 -0.358221 0.000000 -26.833785 0.000000 0.000000 1.000000 0.000000
123.996536 -0.334772 0.942299 0.000000 -35.467151 -0.942299 -0.334772 0.000000 -27.358475 0.000000 0.000000 1.000000 0.000000
124.096102 -0.349514 0.936931 0.000000 -35.937504 -0.936931 -0.349514 0.000000 -27.731845 0.000000 0.000000 1.000000 0.000000
124.196341 -0.338317 0.941032 0.000000 -36.391563 -0.941032 -0.338317 0.000000 -27.957828 0.000000 0.000000 1.000000 0.000000
124.296615 -0.285772 0.958298 0.000000 -36.844807 -0.958298 -0.285772 0.000000 -28.039397 0.000000 0.000000 1.000000 0.000000
124.396093 -0.274477 0.961594 0.000000 -37.312765 -0.961594 -0.274477 0.000000 -27.978141 0.000000 0.000000 1.000000 0.000000
124.496741 -0.245016 0.969519 0.000000 -37.810703 -0.969519 -0.245016 0.000000 -27.773846 0.000000 0.000000 1.000000 0.000000
124.596058 -0.202821 0.979216 0.000000 -38.353712 -0.979216 -0.202821 0.000000 -27.424860 0.000000 0.000000 1.000000 0.000000
124.700390 -0.198184 0.980165 0.000000 -38.956097 -0.980165 -0.198184 0.000000 -26.928631 0.000000 0.000000 1.000000 0.000000
124.798050 -0.163879 0.986480 0.000000 -39.630832 -0.986480 -0.163879 0.000000 -26.282450 0.000000 0.000000 1.000000 0.000000
124.896903 -0.143709 0.989620 0.000000 -40.388758 -0.989620 -0.143709 0.000000 -25.484080 0.000000 0.000000 1.000000 0.000000
124.996463 -0.136277 0.990671 0.000000 -41.238149 -0.990671 -0.136277 0.000000 -24.532550 0.000000 0.000000 1.000000 0.000000
125.097448 -0.131850 0.991270 0.000000 -42.183884 -0.991270 -0.131850 0.000000 -23.429574 0.000000 0.000000 1.000000 0.000000
165.897156 0.943744 -0.330676 0.000000 -43.226302 0.330676 0.943744 0.000000 -22.181832 0.000000 0.000000 1.000000 0.000000
165.996924 0.943005 -0.332778 0.000000 -44.155848 0.332778 0.943005 0.000000 -21.058568 0.000000 0.000000 1.000000 0.000000
166.096493 0.940942 -0.338569 0.000000 -44.972066 0.338569 0.940942 0.000000 -20.065596 0.000000 0.000000 1.000000 0.000000
166.196687 0.949928 -0.312470 0.000000 -45.678752 0.312470 0.949928 0.000000 -19.202479 0.000000 0.000000 1.000000 0.000000
166.296884 0.957142 -0.289620 0.000000 -46.282768 0.289620 0.957142 0.000000 -18.464216 0.000000 0.000000 1.000000 0.000000
166.396250 0.953541 -0.301262 0.000000 -46.792806 0.301262 0.953541 0.000000 -17.842647 0.000000 0.000000 1.000000 0.000000
166.497049 0.950479 -0.310788 0.000000 -47.218576 0.310788 0.950479 0.000000 -17.327394 0.000000 0.000000 1.000000 0.000000
166.596113 0.956043 -0.293227 0.000000 -47.570268 0.293227 0.956043 0.000000 -16.907269 0.000000 0.000000 1.000000 0.000000
166.701503 0.954070 -0.299583 0.000000 -47.857991 0.299583 0.954070 0.000000 -16.570787 0.000000 0.000000 1.000000 0.000000
166.798706 0.957495 -0.288449 0.000000 -48.091520 0.288449 0.957495 0.000000 -16.306670 0.000000 0.000000 1.000000 0.000000
166.897323 0.964767 -0.263106 0.000000 -48.279978 0.263106 0.964767 0.000000 -16.104252 0.000000 0.000000 1.000000 0.000000
166.996642 0.965979 -0.258622 0.000000 -48.431662 0.258622 0.965979 0.000000 -15.953757 0.000000 0.000000 1.000000 0.000000
167.097335 0.964629 -0.263611 0.000000 -48.554093 0.263611 0.964629 0.000000 -15.846217 0.000000 0.000000 1.000000 0.000000
167.196096 0.965499 -0.260406 0.000000 -48.654221 0.260406 0.965499 0.000000 -15.773522 0.000000 0.000000 1.000000 0.000000
167.296323 0.972850 -0.231439 0.000000 -48.738201 0.231439 0.972850 0.000000 -15.728606 0.000000 0.000000 1.000000 0.000000
167.396588 0.972238 -0.233995 0.000000 -48.811144 0.233995 0.972238 0.000000 -15.705632 0.000000 0.000000 1.000000 0.000000
167.496404 0.970729 -0.240178 0.000000 -48.877448 0.240178 0.970729 0.000000 -15.699827 0.000000 0.000000 1.000000 0.000000
167.596656 0.974650 -0.223735 0.000000 -48.941270 0.223735 0.974650 0.000000 -15.707264 0.000000 0.000000 1.000000 0.000000
167.701887 0.979713 -0.200405 0.000000 -49.006206 0.200405 0.979713 0.000000 -15.724624 0.000000 0.000000 1.000000 0.000000
167.798242 0.983636 -0.180169 0.000000 -49.075225 0.180169 0.983636 0.000000 -15.749083 0.000000 0.000000 1.000000 0.000000
167.996809 0.984057 -0.177855 0.000000 -49.150652 0.177855 0.984057 0.000000 -15.778443 0.000000 0.000000 1.000000 0.000000
168.096890 0.983836 -0.179072 0.000000 -49.231838 0.179072 0.983836 0.000000 -15.811170 0.000000 0.000000 1.000000 0.000000
168.196317 0.982423 -0.186666 0.000000 -49.318112 0.186666 0.982423 0.000000 -15.846032 0.000000 0.000000 1.000000 0.000000
168.297061 0.980527 -0.196383 0.000000 -49.409148 0.196383 0.980527 0.000000 -15.882063 0.000000 0.000000 1.000000 0.000000
168.396803 0.974085 -0.226180 0.000000 -49.504895 0.226180 0.974085 0.000000 -15.918497 0.000000 0.000000 1.000000 0.000000
168.496504 0.972698 -0.232076 0.000000 -49.605444 0.232076 0.972698 0.000000 -15.954525 0.000000 0.000000 1.000000 0.000000
168.596319 0.979406 -0.201903 0.000000 -49.711073 0.201903 0.979406 0.000000 -15.989042 0.000000 0.000000 1.000000 0.000000
168.700797 0.985454 -0.169943 0.000000 -49.822315 0.169943 0.985454 0.000000 -16.020771 0.000000 0.000000 1.000000 0.000000
168.798566 0.985309 -0.170780 0.000000 -49.940336 0.170780 0.985309 0.000000 -16.048190 0.000000 0.000000 1.000000 0.000000
168.897738 0.987572 -0.157170 0.000000 -50.066622 0.157170 0.987572 0.000000 -16.069227 0.000000 0.000000 1.000000 0.000000
168.996679 0.983182 -0.182630 0.000000 -50.203363 0.182630 0.983182 0.000000 -16.080994 0.000000 0.000000 1.000000 0.000000
169.096664 0.983414 -0.181374 0.000000 -50.353859 0.181374 0.983414 0.000000 -16.079825 0.000000 0.000000 1.000000 0.000000
169.196727 0.987202 -0.159475 0.000000 -50.522580 0.159475 0.987202 0.000000 -16.061282 0.000000 0.000000 1.000000 0.000000
169.296380 0.988630 -0.150366 0.000000 -50.714782 0.150366 0.988630 0.000000 -16.019904 0.000000 0.000000 1.000000 0.000000
169.396867 0.987859 -0.155354 0.000000 -50.936619 0.155354 0.987859 0.000000 -15.949189 0.000000 0.000000 1.000000 0.000000
169.496701 0.989927 -0.141575 0.000000 -51.195515 0.141575 0.989927 0.000000 -15.841386 0.000000 0.000000 1.000000 0.000000
169.596790 0.992687 -0.120719 0.000000 -51.500449 0.120719 0.992687 0.000000 -15.687397 0.000000 0.000000 1.000000 0.000000
169.701712 0.990635 -0.136535 0.000000 -51.862012 0.136535 0.990635 0.000000 -15.476792 0.000000 0.000000 1.000000 0.000000
169.798321 0.989551 -0.144181 0.000000 -52.292022 0.144181 0.989551 0.000000 -15.197804 0.000000 0.000000 1.000000 0.000000
169.897469 0.986902 -0.161322 0.000000 -52.803334 0.161322 0.986902 0.000000 -14.837525 0.000000 0.000000 1.000000 0.000000
169.996466 0.987053 -0.160392 0.000000 -53.409865 0.160392 0.987053 0.000000 -14.382207 0.000000 0.000000 1.000000 0.000000
170.097056 0.987664 -0.156588 0.000000 -54.126249 0.156588 0.987664 0.000000 -13.817676 0.000000 0.000000 1.000000 0.000000
170.196367 0.990402 -0.138215 0.000000 -54.967081 0.138215 0.990402 0.000000 -13.129974 0.000000 0.000000 1.000000 0.000000
170.296927 0.990691 -0.136128 0.000000 -55.946291 0.136128 0.990691 0.000000 -12.305873 0.000000 0.000000 1.000000 0.000000
170.597167 0.987419 -0.158127 0.000000 -57.076027 0.158127 0.987419 0.000000 -11.333859 0.000000 0.000000 1.000000 0.000000
170.701813 0.986521 -0.163635 0.000000 -58.371040 0.163635 0.986521 0.000000 -10.206230 0.000000 0.000000 1.000000 0.000000
170.798154 0.989552 -0.144176 0.000000 -59.838976 0.144176 0.989552 0.000000 -8.919118 0.000000 0.000000 1.000000 0.000000
217.196026 0.996271 0.086279 0.000000 -61.479646 -0.086279 0.996271 0.000000 -7.474941 0.000000 0.000000 1.000000 0.000000
217.296492 0.998766 0.049661 0.000000 -62.951057 -0.049661 0.998766 0.000000 -6.176317 0.000000 0.000000 1.000000 0.000000
217.396028 0.998677 0.051422 0.000000 -64.249704 -0.051422 0.998677 0.000000 -5.025573 0.000000 0.000000 1.000000 0.000000
217.495883 0.998528 0.054238 0.000000 -65.379281 -0.054238 0.998528 0.000000 -4.018363 0.000000 0.000000 1.000000 0.000000
218.096735 0.833411 -0.552653 0.000000 -66.348650 0.552653 0.833411 0.000000 -3.145877 0.000000 0.000000 1.000000 0.000000
218.196525 0.870726 -0.491768 0.000000 -67.166563 0.491768 0.870726 0.000000 -2.400066 0.000000 0.000000 1.000000 0.000000
218.296759 0.798209 -0.602381 0.000000 -67.848502 0.602381 0.798209 0.000000 -1.769407 0.000000 0.000000 1.000000 0.000000
218.394306 0.944146 0.329528 0.000000 -68.410905 -0.329528 0.944146 0.000000 -1.241925 0.000000 0.000000 1.000000 0.000000
218.494021 0.228820 0.973469 0.000000 -68.869031 -0.973469 0.228820 0.000000 -0.804878 0.000000 0.000000 1.000000 0.000000
218.594857 -0.706506 0.707707 0.000000 -69.237281 -0.707707 -0.706506 0.000000 -0.445792 0.000000 0.000000 1.000000 0.000000
218.698929 -0.965940 -0.258768 0.000000 -69.529550 0.258768 -0.965940 0.000000 -0.152653 0.000000 0.000000 1.000000 0.000000
218.795905 -0.326417 -0.945226 0.000000 -69.758857 0.945226 -0.326417 0.000000 0.085813 0.000000 0.000000 1.000000 0.000000
218.896812 0.568668 -0.822567 0.000000 -69.937342 0.822567 0.568668 0.000000 0.279698 0.000000 0.000000 1.000000 0.000000
218.996255 0.477438 -0.878665 0.000000 -70.075258 0.878665 0.477438 0.000000 0.437572 0.000000 0.000000 1.000000 0.000000
219.096119 0.503136 -0.864207 0.000000 -70.181434 0.864207 0.503136 0.000000 0.566438 0.000000 0.000000 1.000000 0.000000
219.195792 0.573238 -0.819389 0.000000 -70.262975 0.819389 0.573238 0.000000 0.672641 0.000000 0.000000 1.000000 0.000000
219.296484 0.558608 -0.829432 0.000000 -70.325644 0.829432 0.558608 0.000000 0.761835 0.000000 0.000000 1.000000 0.000000
219.395904 0.538359 -0.842715 0.000000 -70.374250 0.842715 0.538359 0.000000 0.838971 0.000000 0.000000 1.000000 0.000000
219.495852 0.561978 -0.827152 0.000000 -70.413168 0.827152 0.561978 0.000000 0.907933 0.000000 0.000000 1.000000 0.000000
219.596090 0.536134 -0.844133 0.000000 -70.446253 0.844133 0.536134 0.000000 0.971294 0.000000 0.000000 1.000000 0.000000
219.702846 0.490154 -0.871636 0.000000 -70.476337 0.871636 0.490154 0.000000 1.030746 0.000000 0.000000 1.000000 0.000000
219.799750 0.084640 -0.996412 0.000000 -70.505299 0.996412 0.084640 0.000000 1.087616 0.000000 0.000000 1.000000 0.000000
219.899019 0.898774 -0.438412 0.000000 -70.534423 0.438412 0.898774 0.000000 1.142926 0.000000 0.000000 1.000000 0.000000
219.996292 0.493940 -0.869496 0.000000 -70.564358 0.869496 0.493940 0.000000 1.197478 0.000000 0.000000 1.000000 0.000000
220.097961 0.477373 -0.878701 0.000000 -70.595887 0.878701 0.477373 0.000000 1.251607 0.000000 0.000000 1.000000 0.000000
220.198127 0.494352 -0.869262 0.000000 -70.629712 0.869262 0.494352 0.000000 1.305640 0.000000 0.000000 1.000000 0.000000
220.296204 0.505352 -0.862913 0.000000 -70.666167 0.862913 0.505352 0.000000 1.359883 0.000000 0.000000 1.000000 0.000000
220.387482 0.552522 -0.833498 0.000000 -70.705506 0.833498 0.552522 0.000000 1.414264 0.000000 0.000000 1.000000 0.000000
220.595887 0.525650 -0.850701 0.000000 -70.748752 0.850701 0.525650 0.000000 1.472113 0.000000 0.000000 1.000000 0.000000
220.700141 0.545461 -0.838136 0.000000 -70.794161 0.838136 0.545461 0.000000 1.528090 0.000000 0.000000 1.000000 0.000000
220.797691 0.214374 -0.976752 0.000000 -70.841619 0.976752 0.214374 0.000000 1.582593 0.000000 0.000000 1.000000 0.000000
220.897019 0.896988 -0.442056 0.000000 -70.891197 0.442056 0.896988 0.000000 1.636280 0.000000 0.000000 1.000000 0.000000
220.996107 0.400656 -0.916229 0.000000 -70.943015 0.916229 0.400656 0.000000 1.689666 0.000000 0.000000 1.000000 0.000000
221.096704 0.502079 -0.864822 0.000000 -70.997341 0.864822 0.502079 0.000000 1.743152 0.000000 0.000000 1.000000 0.000000
221.196311 0.394772 -0.918779 0.000000 -71.054426 0.918779 0.394772 0.000000 1.797265 0.000000 0.000000 1.000000 0.000000
221.289457 0.389330 -0.921098 0.000000 -71.114777 0.921098 0.389330 0.000000 1.852065 0.000000 0.000000 1.000000 0.000000
221.389381 0.383477 -0.923550 0.000000 -71.179550 0.923550 0.383477 0.000000 1.911612 0.000000 0.000000 1.000000 0.000000
221.488585 0.377651 -0.925948 0.000000 -71.249924 0.925948 0.377651 0.000000 1.980154 0.000000 0.000000 1.000000 0.000000
221.589202 0.371727 -0.928342 0.000000 -71.327092 0.928342 0.371727 0.000000 2.061801 0.000000 0.000000 1.000000 0.000000
221.692285 0.365642 -0.930756 0.000000 -71.412188 0.930756 0.365642 0.000000 2.160371 0.000000 0.000000 1.000000 0.000000
221.790210 0.359846 -0.933012 0.000000 -71.506218 0.933012 0.359846 0.000000 2.279169 0.000000 0.000000 1.000000 0.000000
222.987391 0.287939 -0.957649 0.000000 -71.610014 0.957649 0.287939 0.000000 2.420583 0.000000 0.000000 1.000000 0.000000
223.087514 0.281844 -0.959460 0.000000 -71.710209 0.959460 0.281844 0.000000 2.540531 0.000000 0.000000 1.000000 0.000000
223.187330 0.275756 -0.961228 0.000000 -71.807759 0.961228 0.275756 0.000000 2.641813 0.000000 0.000000 1.000000 0.000000
223.287470 0.269638 -0.962962 0.000000 -71.904082 0.962962 0.269638 0.000000 2.728513 0.000000 0.000000 1.000000 0.000000
223.386933 0.263550 -0.964646 0.000000 -72.000967 0.964646 0.263550 0.000000 2.805752 0.000000 0.000000 1.000000 0.000000
223.487166 0.257404 -0.966304 0.000000 -72.100502 0.966304 0.257404 0.000000 2.879481 0.000000 0.000000 1.000000 0.000000
223.587359 0.251250 -0.967922 0.000000 -72.205000 0.967922 0.251250 0.000000 2.956323 0.000000 0.000000 1.000000 0.000000
223.690880 0.244881 -0.969553 0.000000 -72.316963 0.969553 0.244881 0.000000 3.043341 0.000000 0.000000 1.000000 0.000000
223.788109 0.238890 -0.971047 0.000000 -72.438986 0.971047 0.238890 0.000000 3.147954 0.000000 0.000000 1.000000 0.000000
223.887074 0.232782 -0.972529 0.000000 -72.573759 0.972529 0.232782 0.000000 3.277584 0.000000 0.000000 1.000000 0.000000
223.987431 0.226579 -0.973993 0.000000 -72.723913 0.973993 0.226579 0.000000 3.439595 0.000000 0.000000 1.000000 0.000000
224.088081 0.220349 -0.975421 0.000000 -72.891890 0.975421 0.220349 0.000000 3.641072 0.000000 0.000000 1.000000 0.000000
224.187504 0.214186 -0.976793 0.000000 -73.079790 0.976793 0.214186 0.000000 3.888530 0.000000 0.000000 1.000000 0.000000
224.287487 0.207979 -0.978133 0.000000 -73.289208 0.978133 0.207979 0.000000 4.187466 0.000000 0.000000 1.000000 0.000000
224.387474 0.201764 -0.979434 0.000000 -73.521002 0.979434 0.201764 0.000000 4.541881 0.000000 0.000000 1.000000 0.000000
226.798249 0.090650 -0.995883 0.000000 -73.775011 0.995883 0.090650 0.000000 4.953654 0.000000 0.000000 1.000000 0.000000
226.897887 0.097948 -0.995192 0.000000 -74.007239 0.995192 0.097948 0.000000 5.334236 0.000000 0.000000 1.000000 0.000000
226.996945 0.092503 -0.995712 0.000000 -74.216838 0.995712 0.092503 0.000000 5.681657 0.000000 0.000000 1.000000 0.000000
227.097085 0.086285 -0.996271 0.000000 -74.404030 0.996271 0.086285 0.000000 5.995484 0.000000 0.000000 1.000000 0.000000
227.197462 0.081136 -0.996703 0.000000 -74.569926 0.996703 0.081136 0.000000 6.276609 0.000000 0.000000 1.000000 0.000000
227.297299 0.087163 -0.996194 0.000000 -74.716326 0.996194 0.087163 0.000000 6.526807 0.000000 0.000000 1.000000 0.000000
227.396777 0.078992 -0.996875 0.000000 -74.845373 0.996875 0.078992 0.000000 6.748531 0.000000 0.000000 1.000000 0.000000
227.495408 0.099250 -0.995062 0.000000 -74.959196 0.995062 0.099250 0.000000 6.944604 0.000000 0.000000 1.000000 0.000000
227.595462 0.119759 -0.992803 0.000000 -75.059796 0.992803 0.119759 0.000000 7.117932 0.000000 0.000000 1.000000 0.000000
227.700514 0.141237 -0.989976 0.000000 -75.149018 0.989976 0.141237 0.000000 7.271500 0.000000 0.000000 1.000000 0.000000
227.796191 0.160741 -0.986997 0.000000 -75.228441 0.986997 0.160741 0.000000 7.408256 0.000000 0.000000 1.000000 0.000000
227.897141 0.178980 -0.983853 0.000000 -75.299510 0.983853 0.178980 0.000000 7.531162 0.000000 0.000000 1.000000 0.000000
227.996817 0.167001 -0.985957 0.000000 -75.363518 0.985957 0.167001 0.000000 7.642685 0.000000 0.000000 1.000000 0.000000
228.096246 0.173535 -0.984828 0.000000 -75.421616 0.984828 0.173535 0.000000 7.745083 0.000000 0.000000 1.000000 0.000000
228.196439 0.185972 -0.982555 0.000000 -75.474593 0.982555 0.185972 0.000000 7.840384 0.000000 0.000000 1.000000 0.000000
228.297184 0.183691 -0.982984 0.000000 -75.523338 0.982984 0.183691 0.000000 7.930264 0.000000 0.000000 1.000000 0.000000
228.397085 0.167290 -0.985908 0.000000 -75.568828 0.985908 0.167290 0.000000 8.016099 0.000000 0.000000 1.000000 0.000000
228.496294 0.190319 -0.981722 0.000000 -75.611807 0.981722 0.190319 0.000000 8.098909 0.000000 0.000000 1.000000 0.000000
228.596687 0.193830 -0.981035 0.000000 -75.653156 0.981035 0.193830 0.000000 8.179457 0.000000 0.000000 1.000000 0.000000
228.701169 0.175537 -0.984473 0.000000 -75.693538 0.984473 0.175537 0.000000 8.258308 0.000000 0.000000 1.000000 0.000000
228.798254 0.194189 -0.980964 0.000000 -75.733268 0.980964 0.194189 0.000000 8.335928 0.000000 0.000000 1.000000 0.000000
228.897949 0.196443 -0.980515 0.000000 -75.772487 0.980515 0.196443 0.000000 8.412538 0.000000 0.000000 1.000000 0.000000
228.997024 0.225841 -0.974164 0.000000 -75.811672 0.974164 0.225841 0.000000 8.488148 0.000000 0.000000 1.000000 0.000000
229.096745 0.193372 -0.981125 0.000000 -75.850945 0.981125 0.193372 0.000000 8.562875 0.000000 0.000000 1.000000 0.000000
229.196511 0.207076 -0.978325 0.000000 -75.890160 0.978325 0.207076 0.000000 8.636790 0.000000 0.000000 1.000000 0.000000
229.296491 0.208755 -0.977968 0.000000 -75.929222 0.977968 0.208755 0.000000 8.710126 0.000000 0.000000 1.000000 0.000000
229.396084 0.222478 -0.974938 0.000000 -75.968326 0.974938 0.222478 0.000000 8.782943 0.000000 0.000000 1.000000 0.000000
229.496278 0.216742 -0.976229 0.000000 -76.007643 0.976229 0.216742 0.000000 8.855354 0.000000 0.000000 1.000000 0.000000
229.596320 0.201442 -0.979500 0.000000 -76.047538 0.979500 0.201442 0.000000 8.927549 0.000000 0.000000 1.000000 0.000000
229.701063 0.199589 -0.979880 0.000000 -76.087891 0.979880 0.199589 0.000000 8.999846 0.000000 0.000000 1.000000 0.000000
229.798006 0.212707 -0.977116 0.000000 -76.128434 0.977116 0.212707 0.000000 9.072200 0.000000 0.000000 1.000000 0.000000
229.897910 0.257933 -0.966163 0.000000 -76.169337 0.966163 0.257933 0.000000 9.144362 0.000000 0.000000 1.000000 0.000000
229.996903 0.258984 -0.965882 0.000000 -76.210525 0.965882 0.258984 0.000000 9.216122 0.000000 0.000000 1.000000 0.000000
230.096764 0.258220 -0.966086 0.000000 -76.251482 0.966086 0.258220 0.000000 9.287302 0.000000 0.000000 1.000000 0.000000
230.196193 0.261369 -0.965239 0.000000 -76.292292 0.965239 0.261369 0.000000 9.358181 0.000000 0.000000 1.000000 0.000000
230.296281 0.254471 -0.967081 0.000000 -76.333079 0.967081 0.254471 0.000000 9.428966 0.000000 0.000000 1.000000 0.000000
230.396463 0.269727 -0.962937 0.000000 -76.373766 0.962937 0.269727 0.000000 9.500072 0.000000 0.000000 1.000000 0.000000
230.496141 0.256948 -0.966425 0.000000 -76.414259 0.966425 0.256948 0.000000 9.572082 0.000000 0.000000 1.000000 0.000000
230.596956 0.256981 -0.966416 0.000000 -76.454517 0.966416 0.256981 0.000000 9.645533 0.000000 0.000000 1.000000 0.000000
230.702310 0.248381 -0.968662 0.000000 -76.494118 0.968662 0.248381 0.000000 9.720946 0.000000 0.000000 1.000000 0.000000
230.797779 0.264067 -0.964504 0.000000 -76.532887 0.964504 0.264067 0.000000 9.798899 0.000000 0.000000 1.000000 0.000000
230.897307 0.305821 -0.952089 0.000000 -76.570988 0.952089 0.305821 0.000000 9.879613 0.000000 0.000000 1.000000 0.000000
230.996512 0.303279 -0.952902 0.000000 -76.608821 0.952902 0.303279 0.000000 9.963375 0.000000 0.000000 1.000000 0.000000
231.096357 0.321440 -0.946930 0.000000 -76.647201 0.946930 0.321440 0.000000 10.050168 0.000000 0.000000 1.000000 0.000000
231.196705 0.319086 -0.947726 0.000000 -76.686420 0.947726 0.319086 0.000000 10.139414 0.000000 0.000000 1.000000 0.000000
231.296823 0.326236 -0.945288 0.000000 -76.726342 0.945288 0.326236 0.000000 10.230870 0.000000 0.000000 1.000000 0.000000
231.396858 0.312565 -0.949896 0.000000 -76.766413 0.949896 0.312565 0.000000 10.324552 0.000000 0.000000 1.000000 0.000000
231.496727 0.339220 -0.940707 0.000000 -76.806978 0.940707 0.339220 0.000000 10.420211 0.000000 0.000000 1.000000 0.000000
231.596940 0.351449 -0.936207 0.000000 -76.848061 0.936207 0.351449 0.000000 10.517572 0.000000 0.000000 1.000000 0.000000
231.700710 0.368739 -0.929533 0.000000 -76.889492 0.929533 0.368739 0.000000 10.616434 0.000000 0.000000 1.000000 0.000000
231.798141 0.353285 -0.935516 0.000000 -76.931410 0.935516 0.353285 0.000000 10.716387 0.000000 0.000000 1.000000 0.000000
231.897798 0.368455 -0.929646 0.000000 -76.973455 0.929646 0.368455 0.000000 10.817241 0.000000 0.000000 1.000000 0.000000
231.997392 0.358162 -0.933660 0.000000 -77.015206 0.933660 0.358162 0.000000 10.918840 0.000000 0.000000 1.000000 0.000000
232.096719 0.362938 -0.931813 0.000000 -77.057151 0.931813 0.362938 0.000000 11.020864 0.000000 0.000000 1.000000 0.000000
232.196762 0.338603 -0.940929 0.000000 -77.100024 0.940929 0.338603 0.000000 11.122966 0.000000 0.000000 1.000000 0.000000
232.297020 0.331252 -0.943542 0.000000 -77.143917 0.943542 0.331252 0.000000 11.225015 0.000000 0.000000 1.000000 0.000000
232.396783 0.339506 -0.940604 0.000000 -77.188971 0.940604 0.339506 0.000000 11.326846 0.000000 0.000000 1.000000 0.000000
232.497046 0.344461 -0.938801 0.000000 -77.234821 0.938801 0.344461 0.000000 11.428321 0.000000 0.000000 1.000000 0.000000
232.597100 0.345286 -0.938498 0.000000 -77.280764 0.938498 0.345286 0.000000 11.529561 0.000000 0.000000 1.000000 0.000000
232.701653 0.388509 -0.921445 0.000000 -77.326898 0.921445 0.388509 0.000000 11.630472 0.000000 0.000000 1.000000 0.000000
232.798166 0.358036 -0.933708 0.000000 -77.373774 0.933708 0.358036 0.000000 11.730850 0.000000 0.000000 1.000000 0.000000
232.897827 0.369775 -0.929121 0.000000 -77.421772 0.929121 0.369775 0.000000 11.830643 0.000000 0.000000 1.000000 0.000000
232.996601 0.377420 -0.926042 0.000000 -77.470009 0.926042 0.377420 0.000000 11.930081 0.000000 0.000000 1.000000 0.000000
233.097364 0.370192 -0.928955 0.000000 -77.518375 0.928955 0.370192 0.000000 12.029163 0.000000 0.000000 1.000000 0.000000
233.196956 0.372117 -0.928186 0.000000 -77.567006 0.928186 0.372117 0.000000 12.127755 0.000000 0.000000 1.000000 0.000000
233.296526 0.406332 -0.913726 0.000000 -77.616070 0.913726 0.406332 0.000000 12.225805 0.000000 0.000000 1.000000 0.000000
233.396765 0.380033 -0.924973 0.000000 -77.665547 0.924973 0.380033 0.000000 12.323374 0.000000 0.000000 1.000000 0.000000
233.496111 0.389007 -0.921235 0.000000 -77.715702 0.921235 0.389007 0.000000 12.420247 0.000000 0.000000 1.000000 0.000000
233.597009 0.397670 -0.917528 0.000000 -77.766313 0.917528 0.397670 0.000000 12.516538 0.000000 0.000000 1.000000 0.000000
233.701998 0.399048 -0.916930 0.000000 -77.816982 0.916930 0.399048 0.000000 12.612348 0.000000 0.000000 1.000000 0.000000
233.798557 0.421199 -0.906968 0.000000 -77.867765 0.906968 0.421199 0.000000 12.707669 0.000000 0.000000 1.000000 0.000000
233.897497 0.366377 -0.930466 0.000000 -77.918916 0.930466 0.366377 0.000000 12.802524 0.000000 0.000000 1.000000 0.000000
233.996963 0.380027 -0.924975 0.000000 -77.970511 0.924975 0.380027 0.000000 12.896976 0.000000 0.000000 1.000000 0.000000
234.096756 0.383420 -0.923574 0.000000 -78.022796 0.923574 0.383420 0.000000 12.991091 0.000000 0.000000 1.000000 0.000000
234.197154 0.379367 -0.925246 0.000000 -78.076112 0.925246 0.379367 0.000000 13.084756 0.000000 0.000000 1.000000 0.000000
234.297732 0.386843 -0.922145 0.000000 -78.130321 0.922145 0.386843 0.000000 13.177966 0.000000 0.000000 1.000000 0.000000
234.397076 0.390918 -0.920426 0.000000 -78.184722 0.920426 0.390918 0.000000 13.271000 0.000000 0.000000 1.000000 0.000000
234.497192 0.365734 -0.930720 0.000000 -78.238884 0.930720 0.365734 0.000000 13.364123 0.000000 0.000000 1.000000 0.000000
234.597247 0.384847 -0.922980 0.000000 -78.293242 0.922980 0.384847 0.000000 13.457357 0.000000 0.000000 1.000000 0.000000
234.702206 0.379580 -0.925159 0.000000 -78.348031 0.925159 0.379580 0.000000 13.550772 0.000000 0.000000 1.000000 0.000000
234.798605 0.381756 -0.924263 0.000000 -78.402805 0.924263 0.381756 0.000000 13.644572 0.000000 0.000000 1.000000 0.000000
234.898078 0.346448 -0.938069 0.000000 -78.457222 0.938069 0.346448 0.000000 13.738885 0.000000 0.000000 1.000000 0.000000
234.997496 0.357698 -0.933837 0.000000 -78.511189 0.933837 0.357698 0.000000 13.833777 0.000000 0.000000 1.000000 0.000000
235.097400 0.336664 -0.941625 0.000000 -78.564184 0.941625 0.336664 0.000000 13.929527 0.000000 0.000000 1.000000 0.000000
235.197317 0.337762 -0.941232 0.000000 -78.615694 0.941232 0.337762 0.000000 14.026517 0.000000 0.000000 1.000000 0.000000
235.297152 0.331510 -0.943452 0.000000 -78.665434 0.943452 0.331510 0.000000 14.125130 0.000000 0.000000 1.000000 0.000000
235.396952 0.368521 -0.929619 0.000000 -78.712857 0.929619 0.368521 0.000000 14.225606 0.000000 0.000000 1.000000 0.000000
235.498221 0.368694 -0.929551 0.000000 -78.757452 0.929551 0.368694 0.000000 14.328180 0.000000 0.000000 1.000000 0.000000
235.597520 0.358913 -0.933371 0.000000 -78.798442 0.933371 0.358913 0.000000 14.433177 0.000000 0.000000 1.000000 0.000000
235.701417 0.360338 -0.932822 0.000000 -78.835195 0.932822 0.360338 0.000000 14.540817 0.000000 0.000000 1.000000 0.000000
235.798853 0.367617 -0.929977 0.000000 -78.867116 0.929977 0.367617 0.000000 14.651256 0.000000 0.000000 1.000000 0.000000
235.897677 0.367634 -0.929970 0.000000 -78.894222 0.929970 0.367634 0.000000 14.764511 0.000000 0.000000 1.000000 0.000000
235.989066 0.361803 -0.932255 0.000000 -78.916450 0.932255 0.361803 0.000000 14.880604 0.000000 0.000000 1.000000 0.000000
236.297762 0.366554 -0.930397 0.000000 -78.934347 0.930397 0.366554 0.000000 15.002949 0.000000 0.000000 1.000000 0.000000
236.398137 0.376766 -0.926309 0.000000 -78.953898 0.926309 0.376766 0.000000 15.121615 0.000000 0.000000 1.000000 0.000000
236.497985 0.364479 -0.931212 0.000000 -78.975356 0.931212 0.364479 0.000000 15.236195 0.000000 0.000000 1.000000 0.000000
